50.000
15.000
12.000
11.000
16.000
16.000
13.000
15.000
41.000
45.000
13.000
23.000
46.000
30.000
21.000
21.000
24.000
10.000
21.000
13.000
15.000
22.000
40.000
14.000
15.000
17.000
17.000
25.000
44.000
25.000
19.000
38.000
31.000
19.000
28.000
9.000
11.000
11.000
15.000
11.000
18.000
30.000
21.000
12.000
16.000
16.000
28.000
14.000
11.000
27.000
8.000
8.000
22.000
16.000
13.000
13.000
48.000
11.000
17.000
47.000
22.000
54.000
58.000
46.000
19.000
15.000
20.000
43.000
26.000
26.000
9.000
10.000
22.000
16.000
25.000
26.000
22.000
60.000
36.000
31.000
29.000
30.000
16.000
34.000
21.000
25.000
29.000
14.000
13.000
19.000
25.000
31.000
40.000
66.000
19.000
31.000
31.000
93.000
18.000
23.000
41.000
25.000
12.000
12.000
20.000
28.000
15.000
37.000
17.000
42.000
28.000
35.000
77.000
49.000
164.000
33.000
47.000
45.000
67.000
40.000
45.000
16.000
29.000
11.000
31.000
45.000
14.000
20.000
14.000
60.000
62.000
47.000
56.000
48.000
57.000
45.000
36.000
28.000
34.000
72.000
39.000
82.000
35.000
28.000
21.000
38.000
81.000
48.000
31.000
21.000
19.000
20.000
74.000
19.000
16.000
18.000
25.000
20.000
38.000
66.000
49.000
83.000
17.000
44.000
33.000
54.000
49.000
70.000
64.000
24.000
68.000
63.000
74.000
49.000
82.000
60.000
42.000
99.000
30.000
53.000
222.000
47.000
54.000
47.000
89.000
60.000
130.000
88.000
36.000
40.000
26.000
126.000
77.000
41.000
134.000
129.000
114.000
127.000
37.000
109.000
118.000
210.000
126.000
184.000
176.000
37.000
166.000
80.000
121.000
114.000
104.000
118.000
159.000
208.000
226.000
170.000
58.000
151.000
138.000
146.000
68.000
122.000
103.000
83.000
200.000
80.000
112.000
169.000
67.000
153.000
27.000
112.000
176.000
287.000
69.000
150.000
101.000
186.000
139.000
168.000
162.000
155.000
42.000
103.000
158.000
163.000
181.000
205.000
193.000
252.000
183.000
62.000
177.000
107.000
158.000
127.000
138.000
110.000
134.000
140.000
169.000
112.000
86.000
47.000
51.000
100.000
149.000
418.000
211.000
205.000
181.000
57.000
218.000
65.000
264.000
47.000
131.000
76.000
81.000
346.000
183.000
229.000
113.000
147.000
101.000
208.000
368.000
215.000
230.000
161.000
139.000
496.000
239.000
159.000
287.000
368.000
184.000
230.000
366.000
317.000
44.000
194.000
499.000
352.000
421.000
133.000
117.000
123.000
197.000
142.000
120.000
359.000
211.000
499.000
430.000
206.000
247.000
84.000
64.000
363.000
499.000
306.000
412.000
237.000
426.000
214.000
169.000
360.000
376.000
265.000
344.000
217.000
203.000
224.000
268.000
274.000
250.000
299.000
220.000
270.000
499.000
246.000
144.000
170.000
499.000
325.000
234.000
269.000
265.000
192.000
309.000
277.000
335.000
268.000
261.000
246.000
243.000
198.000
494.000
374.000
253.000
256.000
290.000
295.000
230.000
360.000
314.000
321.000
292.000
248.000
293.000
258.000
295.000
348.000
367.000
301.000
310.000
331.000
237.000
143.000
190.000
499.000
387.000
499.000
381.000
499.000
375.000
391.000
474.000
381.000
383.000
371.000
380.000
319.000
301.000
284.000
311.000
318.000
331.000
267.000
293.000
248.000
275.000
253.000
230.000
197.000
219.000
273.000
240.000
194.000
236.000
226.000
227.000
213.000
21.000
15.000
103.000
128.000
135.000
129.000
150.000
141.000
159.000
143.000
136.000
137.000
166.000
172.000
150.000
164.000
191.000
212.000
230.000
159.000
169.000
182.000
403.000
133.000
121.000
136.000
134.000
166.000
138.000
147.000
197.000
151.000
206.000
197.000
228.000
171.000
168.000
233.000
179.000
222.000
101.000
111.000
163.000
179.000
143.000
165.000
176.000
71.000
112.000
107.000
16.000
125.000
119.000
128.000
138.000
124.000
134.000
130.000
116.000
146.000
130.000
27.000
124.000
215.000
189.000
165.000
198.000
97.000
159.000
349.000
225.000
499.000
444.000
141.000
40.000
166.000
246.000
499.000
193.000
499.000
117.000
167.000
299.000
499.000
499.000
499.000
