13.000
18.000
20.000
10.000
38.000
48.000
13.000
13.000
17.000
15.000
24.000
14.000
15.000
16.000
17.000
9.000
11.000
15.000
15.000
29.000
13.000
41.000
11.000
15.000
37.000
18.000
50.000
34.000
29.000
18.000
22.000
45.000
20.000
25.000
45.000
79.000
19.000
77.000
31.000
29.000
39.000
17.000
19.000
23.000
45.000
35.000
9.000
47.000
33.000
69.000
49.000
84.000
74.000
18.000
48.000
64.000
65.000
76.000
74.000
78.000
16.000
16.000
41.000
35.000
9.000
56.000
54.000
61.000
58.000
31.000
90.000
49.000
50.000
104.000
52.000
81.000
73.000
109.000
135.000
73.000
36.000
68.000
74.000
115.000
160.000
87.000
139.000
48.000
102.000
40.000
110.000
34.000
80.000
29.000
66.000
19.000
62.000
88.000
63.000
90.000
100.000
73.000
34.000
58.000
32.000
54.000
61.000
64.000
24.000
63.000
76.000
64.000
60.000
39.000
62.000
84.000
91.000
95.000
131.000
117.000
154.000
37.000
203.000
242.000
199.000
173.000
188.000
203.000
192.000
218.000
218.000
173.000
191.000
164.000
202.000
272.000
233.000
282.000
291.000
248.000
249.000
228.000
193.000
197.000
193.000
207.000
209.000
190.000
165.000
180.000
197.000
173.000
13.000
128.000
174.000
111.000
87.000
89.000
58.000
135.000
169.000
62.000
129.000
112.000
92.000
107.000
112.000
82.000
19.000
134.000
45.000
15.000
78.000
141.000
117.000
159.000
75.000
158.000
130.000
162.000
169.000
192.000
152.000
184.000
154.000
166.000
158.000
116.000
111.000
164.000
88.000
163.000
165.000
167.000
179.000
154.000
116.000
175.000
124.000
146.000
158.000
154.000
162.000
121.000
116.000
23.000
26.000
122.000
154.000
28.000
114.000
85.000
55.000
96.000
57.000
129.000
157.000
22.000
98.000
169.000
146.000
194.000
234.000
239.000
225.000
218.000
205.000
193.000
183.000
170.000
15.000
14.000
18.000
14.000
16.000
159.000
9.000
13.000
14.000
14.000
14.000
10.000
16.000
16.000
14.000
157.000
15.000
15.000
16.000
180.000
16.000
18.000
186.000
170.000
12.000
19.000
135.000
15.000
22.000
52.000
174.000
160.000
14.000
62.000
20.000
155.000
154.000
59.000
17.000
17.000
158.000
158.000
168.000
153.000
96.000
88.000
47.000
152.000
172.000
138.000
169.000
90.000
160.000
159.000
174.000
169.000
185.000
160.000
138.000
88.000
126.000
137.000
44.000
12.000
89.000
13.000
131.000
148.000
14.000
148.000
158.000
183.000
116.000
125.000
177.000
111.000
162.000
132.000
137.000
162.000
138.000
170.000
177.000
179.000
143.000
146.000
134.000
144.000
168.000
122.000
89.000
17.000
14.000
119.000
105.000
91.000
119.000
93.000
94.000
22.000
76.000
64.000
18.000
103.000
90.000
75.000
114.000
156.000
106.000
128.000
117.000
139.000
117.000
153.000
117.000
143.000
101.000
115.000
119.000
113.000
112.000
111.000
141.000
124.000
151.000
116.000
59.000
114.000
124.000
122.000
150.000
98.000
124.000
155.000
119.000
170.000
200.000
182.000
153.000
159.000
183.000
190.000
93.000
178.000
154.000
39.000
187.000
96.000
110.000
186.000
159.000
105.000
122.000
121.000
107.000
94.000
141.000
104.000
199.000
163.000
27.000
209.000
182.000
150.000
189.000
190.000
178.000
172.000
161.000
22.000
163.000
165.000
161.000
138.000
129.000
134.000
121.000
147.000
113.000
139.000
152.000
166.000
164.000
158.000
153.000
166.000
171.000
178.000
177.000
176.000
186.000
140.000
187.000
131.000
152.000
166.000
130.000
150.000
123.000
130.000
131.000
143.000
106.000
76.000
26.000
147.000
95.000
119.000
105.000
17.000
79.000
125.000
101.000
120.000
109.000
77.000
88.000
142.000
152.000
156.000
138.000
161.000
104.000
121.000
41.000
122.000
15.000
141.000
45.000
165.000
141.000
90.000
105.000
100.000
16.000
129.000
137.000
118.000
128.000
110.000
131.000
128.000
125.000
27.000
130.000
125.000
143.000
145.000
154.000
143.000
145.000
128.000
148.000
147.000
157.000
103.000
163.000
143.000
149.000
166.000
157.000
48.000
42.000
157.000
144.000
162.000
46.000
139.000
122.000
129.000
